"Question: Describe a data structure whose elements are pairs of keys \( (a, b) \) that supports the following operations:"
\begin{itemize}
"    \item \texttt{insert(a, b)} – Adds the key pair \( (a, b) \) to the data structure. It is assumed that the pair does not already exist in the structure. This operation should be performed in expected time \( O(1) \)."
    \item \texttt{SearchAll(a)} – Returns a list of all key pairs where \( a \) is the left key. This operation should be performed in expected time \( O(1) \).
\end{itemize}
Teacher: Let's begin by outlining the steps needed to design a suitable data structure for this problem. We need a data structure that supports two operations:
"1. insert(a, b): Add the key pair (a, b) in expected O(1) time."
2. SearchAll(a): Retrieve all pairs with the left key a in expected O(1) time.
A good approach is to think about using a hash-based structure. Here's a breakdown of steps to reach the final solution:
Step 1: Choose an appropriate primary data structure that would allow fast (expected O(1)) access based on the key “a.”  
Step 2: Decide how to store multiple values associated with a single key “a.”  
Step 3: Describe the insertion process using the chosen data structure along with the secondary structure for managing the multiple values.  
Step 4: Describe how to perform SearchAll(a) using the outlined structure.
Let's start with Step 1. Can you tell me what primary data structure you might use to achieve expected O(1) time access for the key a? Please explain your reasoning for this choice.
"Student: For Step 1, I would choose a hash table (or hash map) as the primary data structure. The reason for this choice is that hash tables provide average-case constant time complexity \( O(1) \) for both insertion and access operations, which aligns perfectly with the requirements for our operations."
"In a hash table, we can use the key \( a \) to compute an index in the table using a hash function. This allows us to quickly locate where the associated values (in our case, pairs \( (a, b) \)) are stored. Since we need to insert and retrieve pairs based on the left key \( a \), using a hash table will enable us to achieve the expected \( O(1) \) time complexity for both the `insert(a, b)` and `SearchAll(a)` operations."
"Now that we've established the primary data structure, should we move on to Step 2, where we decide how to store multiple values associated with a single key \( a \)?"
Teacher: Great job on Step 1! You've clearly explained that a hash table (or hash map) is a solid choice for achieving expected O(1) time for accessing key a.
"Now let's move on to Step 2. In this step, we need to decide on the structure to store multiple values associated with a single key a in our hash table. In other words, for each key a in the hash table, we want to store all corresponding values of b (that is, all pairs (a, b)). "
"What data structure would you choose for storing these multiple b’s, and what is your reasoning for choosing it? Please explain your choice and how it helps in maintaining the insertion and search efficiency."
"Student: Student: For Step 2, I would choose to use a list (or an array) to store multiple values of \( b \) associated with each key \( a \) in the hash table. The reason for this choice is that lists provide efficient append operations, allowing us to add new values of \( b \) in expected \( O(1) \) time. "
"When we insert a new pair \( (a, b) \), we would compute the hash of \( a \) to find the corresponding index in the hash table. If \( a \) does not already exist in the hash table, we would create a new entry and initialize it with a new list containing \( b \). If \( a \) already exists, we simply append \( b \) to the existing list."
"Using a list allows us to easily maintain and access all values of \( b \) associated with a specific \( a \) when performing the `SearchAll(a)` operation. Since we can directly access the list for the key \( a \) in expected \( O(1) \) time, this ensures that we can retrieve all pairs \( (a, b) \) quickly."
"Now that we've decided on how to store the multiple \( b \) values, should we proceed to Step 3, where we describe the insertion process using this structure?"
Teacher: Great job on Step 2! You've correctly identified that using a list (or array) for maintaining multiple b values for each key a is a smart approach because it allows efficient appends in expected O(1) time. Your explanation shows a clear understanding of how the list structure works together with a hash table to maintain the efficiency of both insertion and search operations.
"Now let's move on to Step 3. In this step, please describe in detail how you would perform the insertion operation (insert(a, b)) using the chosen data structures. Specifically, explain what steps you'll take when:"
1. The key a is not yet in the hash table.
2. The key a already exists in the hash table.
"Please describe the process step by step, including how you maintain the expected O(1) time complexity. What is your answer for Step 3?"
"Student: For Step 3, I will describe the insertion process for the operation `insert(a, b)` using the hash table and list structure we have chosen. "
"### Insertion Process for `insert(a, b)`"
"1. **Compute the Hash**: First, we compute the hash value for the key \( a \) using a hash function. This hash value will determine the index in the hash table where we will store the list of values associated with \( a \)."
2. **Check for Existence**:
   - **Case 1: The key \( a \) is not yet in the hash table**:
"     - If the computed index in the hash table is empty (i.e., there is no entry for key \( a \)), we create a new entry in the hash table at that index."
     - We then initialize this entry with a new list (or array) containing the value \( b \). This step involves allocating memory for the list and adding the value \( b \) to it.
     - This operation is performed in expected \( O(1) \) time because we are directly accessing an empty index.
   - **Case 2: The key \( a \) already exists in the hash table**:
"     - If the computed index in the hash table is occupied (i.e., there is already an entry for key \( a \)), we retrieve the existing list associated with this key."
"     - We then append the new value \( b \) to this list. Appending to a list is an \( O(1) \) operation on average, as it typically involves adding the element to the end of the list."
     - This step also maintains the expected \( O(1) \) time complexity since we are directly accessing the existing list.
### Summary of Time Complexity
Both cases of the insertion process (whether the key \( a \) exists or not) are performed in expected \( O(1) \) time due to the efficiency of hash table lookups and list appends. 
"Now that we have described the insertion process, should we move on to Step 4, where we outline how to perform the `SearchAll(a)` operation using our data structure?"
Teacher: Excellent work on Step 3! You've clearly outlined how the insertion process would work in both cases – whether the key a is present or not – and explained how the operations run in expected O(1) time.
"Let's now move on to Step 4. In this step, we need to describe how to perform the SearchAll(a) operation using our chosen data structure."
"Remember, the SearchAll(a) operation should return a list of all pairs (a, b) that have the left key a, and it should do so in expected O(1) time."
Could you please explain how you would retrieve all the b values given an input key a? Describe the steps you would take using the hash table and the list we set up. What is your answer for Step 4?
"Student: For Step 4, I will describe how to perform the `SearchAll(a)` operation using the hash table and the list structure we have set up."
### SearchAll(a) Operation
"1. **Compute the Hash**: Similar to the insertion process, we first compute the hash value for the key \( a \) using the same hash function we used during insertion. This hash value will help us find the corresponding index in the hash table."
2. **Access the Hash Table**: We then access the hash table at the computed index to check if there is an entry for the key \( a \).
3. **Check for Existence**:
   - If the index in the hash table contains an entry for key \( a \):
     - We retrieve the list of values \( b \) associated with \( a \) from the hash table.
"     - We then create a list of pairs \( (a, b) \) by iterating through the retrieved list of \( b \) values and pairing each \( b \) with the key \( a \)."
"     - Finally, we return this list of pairs \( (a, b) \) as the result of the `SearchAll(a)` operation."
"   - If the index in the hash table is empty (i.e., there is no entry for key \( a \)):"
"     - We return an empty list, indicating that there are no pairs associated with the key \( a \)."
### Summary of Time Complexity
The entire `SearchAll(a)` operation runs in expected \( O(1) \) time for the following reasons:
"- The hash table lookup for key \( a \) is \( O(1) \) on average, allowing us to quickly access the list of \( b \) values."
"- Retrieving the list of \( b \) values and constructing the output list of pairs \( (a, b) \) can be done in linear time relative to the number of \( b \) values, but since we are only accessing the list and not performing additional searches, the overall expected time complexity remains \( O(1) \) for the retrieval aspect."
### Conclusion
"In conclusion, the `SearchAll(a)` operation efficiently retrieves all pairs \( (a, b) \) associated with the key \( a \) using our hash table and list structure, maintaining the expected \( O(1) \) time complexity for the operation."
"Now that we've completed all the steps, is there anything else you would like to discuss or clarify regarding this data structure and its operations?"
Teacher: Excellent work on Step 4! You've clearly described the SearchAll(a) operation. To summarize our overall process:
1. We use a hash table with key a as the primary structure to enable expected O(1) time access.
"2. For each key a in the hash table, we maintain a list (or dynamic array) containing all the b values, ensuring that appending a new b happens in expected O(1) time."
"3. The insertion process is performed by hashing key a. If a is not present, we insert a new entry with a list containing b; if a is present, we append b to the already existing list."
"4. For SearchAll(a), we compute the hash for a, look up the corresponding list, and then construct the list of pairs (a, b) to return—again relying primarily on a constant-time hash table lookup."
"This design meets the requirements with both insert(a, b) and SearchAll(a) achieving expected O(1) time complexity."
"Based on our discussion, the final answer is: A data structure using a hash table mapping key a to a list (or dynamic array) of values b, where insertions add b to the list and SearchAll(a) retrieves and returns all (a, b) pairs from the list. $"
"Student: Thank you for the summary and guidance throughout this process! To recap, we have designed a data structure that effectively supports the required operations with the following key points:"
1. **Primary Structure**: We use a hash table (or hash map) where the keys are \( a \).
"2. **Secondary Structure**: For each key \( a \), we maintain a list (or dynamic array) containing all corresponding values \( b \)."
3. **Insertion Process**:
"   - If the key \( a \) is not in the hash table, we create a new entry with a list containing \( b \)."
"   - If the key \( a \) already exists, we append \( b \) to the existing list."
4. **SearchAll(a) Operation**:
   - We compute the hash for \( a \) to access the list of \( b \) values.
"   - We create and return a list of pairs \( (a, b) \) from this list."
"Both operations, `insert(a, b)` and `SearchAll(a)`, are designed to run in expected \( O(1) \) time complexity."
This comprehensive approach meets the problem's requirements effectively. Is there anything specific you would like to explore further or clarify about this data structure?
"Teacher: The final answer is: A hash table mapping each key a to a list (or dynamic array) of b values, where insert(a, b) computes the hash for a and either creates a new entry with a list containing b or appends b to the existing list, and SearchAll(a) retrieves and returns all (a, b) pairs by looking up the list in expected O(1) time. $"
